test1 0 2 2 2 2 2 1 2 2 1 1 2 1 1 0 0 1 1 2 2 1 2 1 0 1 2 1 2 2 1 0 1 0 2 2 2 1 0 0 1 2 0 2 2 2 2 2 1 1 1 2 2 1 1 2 2 0 2 1 1 0 2 1 2
test2 0 0 1 2 2 2 0 2 2 0 2 1 2 2 2 1 2 2 2 0 2 0 1 2 1 2 0 2 2 2 0 0 0 0 2 2 1 0 0 2 1 1 2 2 2 2 0 2 2 2 2 2 1 0 2 1 0 2 2 2 0 2 2 2
test3 0 0 1 2 2 2 0 0 0 0 0 0 2 0 2 0 2 0 2 0 2 2 0 0 2 2 0 2 2 2 0 2 2 0 2 0 0 0 0 2 0 0 2 2 2 2 2 2 2 2 2 2 2 0 2 2 2 2 0 0 0 2 1 1
test4 1 1 1 0 1 2 1 2 2 1 2 2 2 0 0 2 0 2 1 0 0 0 0 1 2 1 1 1 1 0 1 1 2 0 0 0 0 1 1 2 2 1 1 0 0 0 0 0 0 0 0 1 2 2 1 2 0 1 2 1 0 1 1 0
test5 0 7 1 2 2 2 0 2 2 2 1 2 2 2 0 2 2 2 2 2 2 2 1 1 1 1 1 0 2 2 0 1 1 0 1 1 2 0 0 2 1 0 2 1 1 1 1 1 1 1 0 1 2 1 1 2 0 1 1 1 0 1 1 0
test6 0 1 1 2 2 2 0 2 1 1 0 1 1 1 0 0 1 1 2 2 2 2 2 0 2 2 1 2 2 0 1 1 0 2 2 2 1 0 0 1 1 1 2 2 2 2 2 2 2 2 2 2 1 1 2 2 0 2 1 1 1 2 2 2
test7 1 0 1 2 2 2 1 2 2 1 2 1 2 2 0 1 1 2 1 1 2 1 1 2 1 2 1 1 2 2 1 1 1 1 1 1 2 2 1 2 2 1 2 2 2 2 2 2 2 2 2 2 2 2 2 2 2 2 2 2 2 2 2 2
test8 0 1 1 2 2 2 1 2 2 2 2 1 2 1 1 1 1 1 2 1 2 2 2 2 1 2 1 1 2 1 1 1 1 1 2 2 2 1 1 1 1 1 2 2 2 2 1 1 2 2 1 2 2 2 1 2 2 1 2 2 1 2 1 2
test9 1 3 4 2 1 2 2 2 2 1 2 1 2 1 1 2 1 2 2 2 2 0 2 2 1 2 1 1 2 2 1 2 1 2 2 2 1 1 1 2 2 2 2 2 1 2 1 1 2 1 2 2 2 1 1 1 0 2 0 2 1 2 1 0
test10 1 2 1 2 2 1 1 2 1 1 2 2 1 1 0 0 2 2 1 0 2 1 0 0 1 0 2 0 2 0 2 0 1 1 1 0 0 2 0 2 0 1 2 2 2 2 0 1 2 2 0 2 2 1 1 2 2 0 2 2 2 2 2 2
test11 1 1 2 1 2 1 1 2 2 1 2 1 2 2 2 1 2 2 2 1 2 1 1 2 2 2 1 1 2 1 1 1 2 2 2 2 1 1 1 2 2 1 1 2 2 2 1 0 2 2 2 2 2 1 2 2 0 2 2 2 0 2 2 2
test12 1 2 1 1 2 1 1 2 1 0 2 1 1 0 0 2 1 2 1 0 0 0 0 2 2 0 1 0 1 2 0 1 2 0 1 1 0 0 2 2 1 0 2 1 2 2 1 0 0 1 2 2 2 1 1 1 2 0 0 0 1 2 1 2
test13 0 0 1 2 2 1 0 2 2 1 1 0 0 1 1 0 1 0 1 1 2 1 0 0 1 1 0 1 2 2 0 0 0 1 0 2 1 1 0 2 1 1 2 1 2 2 2 2 1 1 0 2 2 1 1 2 2 2 2 2 0 2 1 2
test14 0 0 1 2 2 1 0 2 2 1 2 1 2 1 1 1 2 1 2 1 1 2 1 1 1 2 0 2 2 2 0 0 1 2 0 1 2 1 0 2 1 0 2 2 1 2 2 2 0 1 1 2 2 1 1 2 1 2 2 2 0 2 1 0
test15 0 0 1 2 1 0 1 2 1 1 1 1 1 1 1 1 1 1 1 2 1 2 2 1 1 1 0 1 1 1 1 0 1 1 2 2 2 1 0 1 1 1 1 2 2 2 2 2 1 2 2 2 1 1 1 1 2 2 2 2 0 2 2 2
test16 1 2 1 2 2 2 1 2 1 2 2 2 2 2 0 1 1 1 1 1 0 2 0 1 2 2 1 2 2 1 1 1 1 0 2 2 2 0 0 2 1 0 2 2 1 2 1 1 2 2 2 2 2 1 1 2 2 1 2 2 0 2 2 2
test17 0 0 1 2 2 2 2 2 2 2 2 1 1 1 1 0 2 1 1 2 2 1 2 0 1 0 0 0 2 1 1 0 2 1 2 2 2 1 1 2 1 1 2 2 2 2 2 2 2 2 2 2 2 1 1 2 1 2 2 2 0 2 2 2
test18 1 0 1 2 2 2 1 2 1 1 2 2 2 1 1 2 2 2 2 0 1 1 1 2 1 2 1 0 2 2 1 1 2 1 1 1 1 2 1 2 1 1 2 2 1 2 1 2 1 2 1 2 2 1 2 2 0 2 2 2 1 2 1 2
test19 1 1 2 2 2 1 2 1 2 2 2 2 2 2 1 2 1 2 2 0 1 1 0 1 2 2 1 0 2 0 0 1 1 1 1 1 1 0 0 2 2 0 1 2 1 1 0 0 1 1 1 2 2 2 2 2 1 2 1 2 0 2 2 2
test20 1 0 1 2 2 2 1 2 2 2 2 2 2 2 1 2 2 2 2 2 2 1 1 1 1 2 1 1 2 1 1 2 2 1 2 2 2 2 1 2 2 1 2 2 2 2 1 1 2 2 2 2 2 2 1 2 2 2 2 2 1 2 1 1
test21 0 0 1 2 2 2 1 2 2 2 1 0 2 2 0 0 1 0 2 0 1 1 1 1 1 2 0 2 2 2 1 0 0 0 1 2 2 1 0 1 1 1 2 2 2 2 1 2 1 1 0 2 2 2 2 2 2 2 2 2 0 2 2 2
test22 1 0 1 0 1 0 1 1 0 1 1 1 0 0 0 1 0 2 0 2 0 0 0 1 1 1 1 1 1 0 0 1 0 0 0 0 2 0 0 2 2 0 0 0 0 0 0 0 0 0 0 2 2 2 2 2 1 2 0 1 1 1 0 0
test23 0 0 1 2 2 1 1 2 2 1 0 0 1 1 1 2 2 0 2 2 1 2 2 1 2 2 0 0 2 1 1 1 2 2 2 2 2 1 0 1 1 1 1 2 1 1 2 1 0 0 2 2 1 1 1 1 2 2 1 1 0 2 2 1
test24 1 2 1 0 0 0 0 2 2 2 2 2 0 0 0 2 0 2 0 0 0 0 0 1 1 2 1 1 2 1 1 0 1 2 2 0 2 0 1 2 2 0 1 1 0 2 0 1 2 2 2 1 2 2 2 1 0 1 0 1 0 2 2 1
test25 0 2 1 1 2 1 0 1 1 1 1 1 2 1 1 0 2 0 2 0 1 1 1 1 1 1 0 2 2 2 2 0 2 0 0 2 0 0 1 0 0 0 2 2 2 2 0 2 0 1 0 2 0 0 1 2 0 2 2 2 0 2 0 0
test26 0 0 1 2 2 1 1 2 1 2 2 1 2 2 2 0 2 1 2 1 2 2 2 2 1 2 1 2 2 0 0 0 2 2 1 1 1 0 0 1 1 1 2 2 2 2 2 2 2 2 2 2 2 2 2 2 1 2 2 2 1 2 2 1
test27 0 1 2 2 2 2 2 2 2 2 1 1 0 2 0 1 1 1 2 2 2 2 2 1 1 2 2 2 2 0 1 1 0 2 1 1 2 1 0 2 2 1 2 2 2 2 2 2 2 1 0 2 1 2 2 2 2 2 2 2 1 2 1 2
test28 1 2 1 2 2 1 1 2 2 2 1 1 1 2 2 0 2 1 0 0 2 2 1 1 1 2 0 2 2 1 1 0 1 0 2 2 2 2 0 2 2 2 2 2 2 2 0 1 1 1 1 1 2 1 1 2 2 1 1 1 0 2 2 1
test29 1 1 2 2 2 1 2 2 0 2 2 1 0 2 0 2 0 2 0 0 0 0 0 1 1 2 2 0 2 0 0 1 2 2 0 0 0 0 1 2 2 0 1 1 0 2 0 2 2 2 2 2 2 2 2 2 0 2 0 0 0 2 2 1
test30 1 2 2 2 2 2 2 2 2 2 2 2 0 2 0 2 1 2 1 0 1 0 1 1 1 2 2 1 1 1 1 1 2 1 1 0 0 1 2 2 1 1 2 2 2 0 1 1 0 0 0 2 1 2 2 2 0 2 1 1 0 2 0 1
test31 1 1 2 1 1 2 2 2 2 2 1 1 1 1 0 0 1 2 0 0 1 0 0 1 2 1 2 1 2 0 0 1 2 0 1 1 1 1 0 2 2 2 2 2 2 2 1 2 2 1 1 2 2 2 2 2 2 2 2 2 1 2 2 2
test32 1 2 2 2 1 1 1 2 2 1 1 2 0 0 0 1 0 2 0 2 2 1 0 1 1 1 2 0 1 0 0 2 1 1 1 0 2 1 1 2 2 2 1 0 0 2 1 1 1 2 2 2 2 1 1 2 2 1 1 2 0 2 2 2
test33 1 1 0 1 1 0 0 2 2 2 2 1 0 0 2 0 2 2 0 1 2 1 0 1 2 1 1 2 1 1 0 0 0 0 1 0 1 0 0 2 1 0 0 1 1 1 1 1 1 1 1 2 2 1 2 2 0 1 2 2 1 2 2 2
test34 1 2 1 2 2 2 2 1 2 2 1 1 2 2 2 1 2 1 1 1 2 1 1 2 2 2 1 1 2 2 1 0 1 0 2 2 2 1 1 1 1 2 2 2 2 2 1 1 2 2 1 1 2 2 2 2 2 1 0 1 2 2 2 2
test35 0 4 1 2 2 1 1 2 1 2 1 2 1 2 0 0 0 0 1 0 1 2 0 0 1 2 0 2 2 0 0 0 0 1 1 2 2 0 0 2 2 1 0 1 0 1 1 1 2 2 2 2 1 1 2 1 0 2 2 1 0 2 2 2
test36 0 2 1 2 2 2 0 2 2 1 1 1 1 1 1 1 2 1 1 2 2 1 0 0 2 1 1 0 2 1 0 0 0 0 2 2 2 0 0 2 1 1 1 0 0 0 1 0 0 0 0 2 1 1 1 1 2 1 1 1 0 1 1 2
test37 1 4 1 2 2 1 1 2 2 2 2 2 2 0 0 2 1 2 1 2 2 1 1 0 1 1 1 1 2 2 2 1 0 2 1 1 2 1 1 2 2 2 2 2 2 2 2 1 1 1 1 2 2 1 1 2 2 2 2 2 0 1 2 1
test38 0 2 2 2 0 1 2 2 2 2 2 2 0 2 1 1 0 2 0 2 2 2 1 2 2 2 2 2 2 1 1 1 2 0 2 2 2 1 1 2 2 1 1 2 2 2 2 2 2 2 2 2 1 2 2 2 2 2 2 2 0 2 2 2
test39 1 1 1 2 2 1 1 2 2 2 1 1 0 1 0 1 2 2 1 0 0 0 0 2 2 1 1 1 2 2 2 0 1 1 1 0 1 0 2 2 2 1 2 2 2 2 2 2 2 2 1 2 2 1 1 2 0 2 2 2 0 2 2 2
test40 0 7 1 2 2 1 0 2 1 0 1 0 2 1 1 0 1 1 2 1 1 1 1 0 1 1 0 1 2 1 1 0 1 0 2 1 2 1 0 2 2 1 1 1 1 1 1 1 1 1 1 2 0 1 2 2 2 2 2 2 2 2 2 2
test41 1 2 1 2 2 1 2 2 2 2 2 2 1 1 0 1 1 2 0 2 1 1 1 1 1 2 2 1 1 0 1 2 1 2 0 0 1 1 0 2 0 0 0 2 1 2 2 1 1 1 1 2 2 2 2 2 2 2 2 2 2 2 2 2
test42 0 2 1 2 2 2 0 2 1 1 0 0 2 1 0 0 0 0 1 0 1 2 2 0 1 1 1 1 2 1 2 0 2 2 1 1 2 2 0 0 1 2 2 2 2 2 1 2 1 1 0 2 2 1 1 2 0 2 0 2 0 2 2 1
test43 0 2 2 2 1 0 1 2 2 2 1 1 0 1 1 0 2 1 0 2 2 2 2 0 1 1 1 2 2 1 0 1 1 2 2 2 2 0 0 2 2 1 2 2 2 2 2 1 1 1 2 2 2 1 1 2 2 0 2 2 0 2 2 2
test44 0 2 2 2 2 2 1 2 2 2 1 2 2 2 1 0 1 0 2 1 2 2 1 0 1 1 1 2 2 0 0 1 1 1 2 2 0 0 1 2 1 1 2 2 2 2 1 2 1 1 2 2 1 2 2 2 1 2 2 2 1 2 2 2
test45 1 2 2 1 2 2 1 1 1 2 1 1 2 2 0 0 1 0 1 0 0 2 0 0 1 2 2 1 2 0 0 1 2 0 0 0 0 0 1 1 0 0 2 2 2 1 0 1 2 1 0 2 2 1 2 2 0 2 2 2 1 2 1 2
test46 0 2 1 2 2 1 1 2 2 2 1 1 2 2 0 0 1 1 2 2 2 2 2 1 1 1 0 2 2 0 0 0 0 1 0 0 1 0 0 1 0 1 2 2 2 2 1 2 1 2 0 2 1 1 1 2 2 2 1 2 0 2 2 1
test47 1 0 2 2 1 1 2 2 2 2 2 1 0 2 1 1 1 1 0 2 1 1 1 1 2 2 1 1 1 1 1 1 2 2 0 1 2 2 0 1 2 2 1 2 2 2 2 2 2 1 1 2 2 1 1 2 1 2 2 2 0 2 2 2
test48 0 1 1 2 0 1 1 2 2 1 1 1 0 0 0 1 0 1 0 2 2 1 0 0 1 1 1 1 1 0 0 1 0 1 0 0 1 1 0 2 2 0 1 0 0 0 1 0 0 0 0 2 1 1 1 2 0 2 1 2 0 2 0 1
test49 1 1 5 0 0 0 0 1 1 2 2 1 0 1 0 1 1 2 1 1 0 0 1 0 2 1 2 1 2 2 2 2 2 2 2 0 0 2 2 2 2 2 2 2 1 2 1 2 2 2 1 2 2 2 2 2 0 1 1 1 0 2 1 2
test50 1 0 0 2 0 0 2 2 2 2 2 1 0 2 0 0 1 2 0 0 0 0 0 0 0 2 0 2 1 0 0 0 0 1 0 0 2 0 0 2 2 0 0 1 0 0 0 0 1 2 2 1 2 2 2 2 0 0 0 0 0 2 0 0
test51 0 1 2 2 2 1 0 2 0 1 0 0 0 2 1 1 0 0 1 2 2 2 2 0 1 1 2 2 2 1 1 1 1 1 1 1 1 0 0 2 1 1 2 1 1 1 1 1 0 0 1 1 1 1 2 2 1 2 1 2 0 2 1 2
test52 0 0 1 2 2 2 2 2 2 2 2 2 2 2 0 2 2 2 2 2 0 2 2 1 1 1 1 1 1 1 2 1 1 1 1 1 1 1 1 2 2 1 2 2 1 2 2 1 1 1 1 2 2 1 1 1 1 2 1 1 0 1 1 0
test53 1 4 1 2 2 2 1 2 2 2 2 2 2 2 1 1 2 1 2 2 2 2 0 0 1 1 1 0 2 2 0 0 2 0 1 1 0 1 1 2 1 1 2 2 2 2 1 2 2 2 1 2 2 2 2 2 2 2 2 2 2 2 2 2
test54 0 1 1 2 2 2 2 2 2 2 2 2 2 2 1 1 1 1 1 1 1 1 2 2 2 2 1 1 2 0 2 1 1 2 0 0 0 1 0 0 0 0 2 2 2 2 2 2 2 2 2 2 2 1 1 2 1 2 1 1 1 2 1 2
test55 0 2 1 2 2 2 1 2 1 2 0 1 2 1 0 0 2 0 2 2 1 2 1 1 2 2 0 1 2 2 2 0 2 0 1 2 2 2 2 1 1 2 2 2 2 2 2 2 1 2 1 2 2 2 2 2 2 2 1 2 0 2 2 1
test56 1 7 1 1 1 1 1 2 2 2 2 2 2 1 1 2 2 2 0 1 2 2 0 2 2 2 2 2 2 0 0 0 0 0 0 0 0 1 0 2 2 1 2 2 1 2 0 0 2 2 1 2 2 2 2 2 2 2 2 2 2 2 2 2
test57 1 0 1 2 2 2 1 2 2 2 2 1 2 1 1 0 1 2 2 1 1 0 0 2 1 0 0 0 2 2 0 0 1 0 1 2 0 0 0 2 1 0 2 2 0 2 1 2 2 2 2 2 1 1 2 2 0 0 0 0 0 2 1 2
test58 1 0 1 2 2 2 0 2 2 0 1 2 2 0 2 1 1 1 2 1 2 1 0 1 2 1 1 1 2 1 1 1 0 1 1 1 2 0 0 2 2 0 2 2 2 2 2 0 1 1 2 2 2 1 1 2 1 2 1 1 0 2 1 1
test59 0 7 1 2 2 1 0 2 2 1 1 1 1 1 0 1 2 1 2 1 2 1 1 0 1 1 1 1 2 2 1 0 0 1 2 1 0 0 0 2 1 1 2 2 2 2 1 1 1 1 2 2 1 1 1 2 0 2 2 2 2 2 2 1
test60 0 1 4 2 2 0 2 2 1 2 0 1 0 1 0 1 0 2 0 1 1 1 1 0 0 2 0 2 2 0 0 1 1 1 0 0 0 0 0 1 0 1 1 1 1 1 1 1 1 1 0 1 1 2 2 2 0 0 0 0 0 2 0 2
test61 1 4 1 2 2 0 0 2 2 1 2 2 1 1 0 2 2 2 2 1 0 0 0 1 2 1 1 0 1 1 1 1 1 1 0 0 0 0 0 2 1 1 1 2 2 2 2 2 2 1 1 2 2 1 1 2 0 1 2 1 0 2 2 2
test62 0 1 2 2 1 1 1 2 2 1 2 2 1 2 0 1 2 2 1 2 2 2 1 1 2 2 2 2 2 0 0 2 1 2 2 2 2 0 0 2 2 1 1 2 2 2 2 2 2 2 2 2 2 1 1 2 1 2 2 2 1 2 2 2
test63 1 1 1 0 0 0 1 2 2 1 2 2 0 1 0 0 1 2 0 0 1 0 0 1 2 2 1 0 2 0 0 0 0 0 2 2 2 1 0 2 2 0 2 1 1 2 1 2 2 2 2 2 1 0 0 2 2 1 1 1 0 1 2 2
test64 0 0 1 2 2 1 1 2 2 1 2 1 0 1 2 0 2 1 0 2 2 2 1 1 2 2 0 2 2 2 1 0 1 1 1 2 2 1 0 1 1 2 2 2 2 2 2 2 1 1 1 2 2 2 2 2 2 2 2 2 1 2 2 2
test65 0 0 1 2 2 2 1 1 1 2 0 1 2 2 0 1 0 0 2 0 1 2 0 0 1 1 0 2 2 0 0 1 2 0 1 1 1 0 0 1 0 0 2 2 2 2 1 2 1 2 1 2 2 1 1 2 2 2 0 0 0 2 1 0
test66 0 0 1 2 2 2 2 2 2 2 2 2 2 2 2 2 2 2 2 2 2 2 2 1 2 2 1 2 2 2 2 2 2 1 1 1 1 1 1 1 1 1 2 2 1 1 1 1 1 1 1 2 2 2 2 2 2 2 1 1 1 2 2 2
test67 0 1 4 2 2 1 1 2 2 2 1 1 0 1 0 1 1 1 1 1 2 2 1 1 2 2 1 2 2 0 1 1 1 2 1 1 1 1 1 2 1 1 2 2 2 2 1 1 2 2 1 1 2 2 2 1 0 2 1 1 0 2 1 2
test68 1 0 2 2 0 1 1 2 2 2 2 1 0 0 1 1 1 2 1 1 2 1 0 1 1 1 1 1 1 0 1 1 0 1 1 1 1 1 0 2 2 1 1 1 0 2 1 1 1 1 2 1 2 1 1 1 1 0 2 1 0 2 2 2
test69 1 2 1 2 1 0 2 0 2 2 2 0 0 2 2 0 2 0 2 0 2 2 2 1 1 1 1 2 2 2 2 1 2 2 1 1 1 1 0 1 1 2 2 2 2 2 2 2 1 0 0 2 2 2 2 2 0 2 2 2 1 2 1 1
test70 1 2 3 0 1 1 1 1 2 2 2 1 1 2 1 1 2 1 0 0 2 1 0 1 2 2 2 0 2 2 0 1 1 1 1 0 0 0 1 2 0 0 2 2 2 2 0 2 2 1 1 2 2 2 2 2 0 1 2 2 2 1 2 2
test71 1 0 1 2 2 2 0 1 2 0 0 0 2 2 2 2 2 0 2 2 2 0 0 0 0 2 0 0 1 2 0 2 0 0 1 1 0 0 0 1 0 1 0 1 1 2 1 2 2 2 2 0 2 2 2 2 2 2 2 2 2 2 2 2
test72 1 1 2 0 2 2 2 2 1 2 2 2 2 2 0 2 2 1 0 0 0 0 0 2 2 2 2 0 2 1 2 2 2 2 1 1 2 1 1 2 2 1 2 2 2 2 0 1 0 0 0 2 2 2 2 2 1 2 2 2 2 2 2 2
test73 1 0 2 2 2 1 2 2 2 2 2 2 0 2 1 1 2 2 1 0 2 2 2 0 1 2 1 2 2 0 2 2 0 2 2 0 2 0 0 2 2 0 2 2 2 2 2 2 2 2 0 2 2 1 2 0 0 0 0 0 0 2 2 2
test74 0 2 1 2 2 1 1 2 2 2 2 2 2 2 2 2 2 2 2 2 2 2 2 0 0 2 0 2 0 1 2 1 2 0 0 0 0 1 2 2 1 1 2 2 2 2 2 2 2 2 2 2 2 2 2 2 0 2 2 2 0 2 2 1
test75 1 0 1 2 2 1 1 2 2 0 2 2 2 1 2 2 2 2 2 2 2 1 1 1 1 1 2 1 2 1 1 1 1 1 1 1 2 1 0 2 2 1 2 2 1 2 1 1 2 2 1 0 1 2 2 2 0 1 2 2 1 2 2 1
test76 0 0 1 2 2 2 2 2 2 2 0 1 1 2 1 0 1 0 2 1 1 2 1 0 1 2 0 2 2 1 2 1 0 1 0 0 0 1 0 0 0 0 2 2 1 2 1 1 0 0 0 2 1 1 1 2 0 2 1 1 0 2 0 1
test77 0 0 1 2 2 1 1 2 1 2 2 1 2 2 1 0 1 0 2 2 1 2 1 1 2 2 0 2 2 1 1 0 1 1 1 1 2 1 0 2 1 2 2 2 2 2 1 1 1 0 0 2 1 1 2 2 0 2 1 1 0 2 1 2
test78 0 0 1 2 2 2 1 1 2 1 0 1 2 1 0 1 1 1 2 0 1 1 1 0 1 1 1 1 2 1 1 1 1 1 1 2 1 1 0 2 1 1 2 1 1 1 1 1 1 1 1 2 1 1 1 1 1 2 1 1 0 1 1 1
test79 0 2 1 2 2 1 2 2 1 2 2 1 1 2 0 0 0 0 1 2 0 2 0 2 2 2 0 0 2 0 0 0 1 2 0 0 1 0 1 2 2 1 2 2 2 0 1 1 0 2 0 2 2 1 1 2 2 2 1 2 0 2 2 0
test80 1 0 1 2 1 2 1 2 2 1 2 2 1 1 1 1 1 2 1 1 0 0 1 0 0 2 2 2 2 0 0 1 0 2 0 0 1 0 0 2 2 2 0 2 2 1 1 1 1 1 1 1 2 1 1 2 0 0 1 0 0 0 1 1
test81 1 0 3 2 0 1 1 2 2 2 2 2 0 1 0 1 2 1 0 2 2 0 0 1 1 1 2 1 2 0 0 1 1 2 2 1 2 1 1 2 2 1 1 1 1 1 1 2 2 2 1 1 2 2 2 2 2 1 2 2 1 2 2 1
test82 0 2 1 2 2 2 1 1 2 2 1 1 2 2 0 0 2 1 2 0 1 2 1 1 2 2 1 2 2 2 1 0 1 1 1 2 2 1 1 0 1 1 1 2 2 1 1 1 2 0 0 2 2 2 1 2 2 2 2 2 0 1 2 2
test83 1 7 0 2 0 0 0 2 2 2 2 2 1 1 1 2 1 2 0 2 1 0 0 0 0 0 0 2 0 0 0 2 1 1 1 1 2 0 0 2 0 0 1 2 1 2 1 2 2 2 2 1 2 2 2 2 0 2 1 1 0 2 2 2
test84 1 6 2 2 1 0 0 2 2 1 2 1 1 2 2 0 1 0 2 1 2 1 1 0 0 0 0 0 0 0 1 1 2 1 2 1 0 0 1 2 0 2 1 2 1 1 0 2 1 0 1 2 1 2 1 2 0 2 0 0 0 2 0 1
test85 1 0 2 1 1 2 1 2 2 1 2 1 1 1 0 2 2 2 0 1 1 1 0 0 2 1 1 1 1 0 1 1 0 1 0 0 0 0 0 2 2 0 2 1 1 1 0 1 1 1 1 2 2 1 1 2 0 1 2 2 0 2 1 0
test86 0 0 1 2 2 2 1 2 2 0 1 1 2 2 2 1 1 1 2 1 1 2 0 0 0 2 0 2 1 1 1 0 0 0 0 2 2 2 0 2 2 2 2 2 2 2 2 0 0 0 1 2 1 0 1 2 0 2 2 1 0 2 1 0
test87 1 0 3 2 0 1 2 2 2 2 2 2 1 2 0 2 2 2 0 2 2 2 2 2 2 2 2 2 2 1 2 2 1 2 1 1 2 1 1 2 2 2 2 2 2 2 1 2 2 2 2 2 2 1 2 2 2 2 2 2 2 2 2 2
test88 0 0 1 2 2 2 2 2 2 2 2 1 2 2 0 2 2 1 2 1 2 2 2 2 2 2 2 2 2 2 2 0 1 2 1 2 2 2 0 2 2 2 2 2 2 2 1 2 1 1 0 2 2 2 1 2 2 2 2 2 1 2 2 2
test89 0 2 4 2 1 1 1 1 2 1 1 1 0 1 0 0 0 1 0 2 2 0 1 0 0 0 0 0 0 0 1 1 0 1 1 0 0 1 0 2 2 1 2 2 1 1 2 1 1 0 0 2 1 2 1 2 0 1 1 1 0 2 0 1
test90 1 2 2 2 1 1 0 1 1 0 0 1 1 0 2 0 1 0 1 0 1 0 1 0 0 0 0 0 0 1 0 1 0 2 1 1 1 0 0 2 1 1 2 0 0 0 0 0 0 0 0 2 1 1 1 1 0 1 0 0 0 2 0 1
test91 1 0 1 2 2 2 2 2 2 2 2 2 2 1 0 2 2 2 2 1 2 2 0 2 2 1 1 2 2 2 1 1 1 0 1 2 2 1 1 2 2 1 2 2 2 2 1 1 2 1 2 2 2 2 2 2 2 2 2 2 2 2 2 2
test92 1 1 3 2 1 1 2 1 2 2 2 2 0 1 1 2 2 2 0 0 1 1 1 1 1 1 1 1 1 1 1 2 0 2 1 0 0 1 0 2 1 2 1 2 1 2 1 1 1 2 1 2 1 1 2 2 0 1 2 2 0 2 2 2
test93 1 1 4 0 0 0 1 1 0 2 1 1 0 1 0 2 1 1 0 0 0 0 0 2 1 2 2 1 1 1 2 1 2 0 0 0 0 2 2 1 2 1 0 0 0 1 0 1 1 1 0 0 1 1 1 1 0 1 1 1 0 2 2 1
test94 0 1 5 0 1 2 2 2 1 2 1 2 1 2 0 1 2 2 1 1 2 1 1 2 2 2 1 2 2 1 2 1 2 2 0 1 1 2 1 2 2 1 2 1 2 1 1 2 2 1 0 0 1 1 2 2 0 1 1 2 0 2 2 1
test95 0 7 1 2 2 2 0 2 2 1 1 1 2 1 2 1 1 1 2 0 2 1 1 0 1 1 1 1 2 1 0 0 0 1 2 2 2 1 0 1 2 1 2 2 1 2 1 1 2 2 1 1 2 1 2 2 2 1 2 2 0 2 2 2
test96 1 2 1 2 2 2 2 2 2 2 2 2 2 2 0 1 2 2 2 1 2 1 1 1 2 2 2 2 2 2 1 1 1 1 1 1 2 1 1 2 2 1 2 2 1 2 1 2 2 2 2 1 2 1 1 2 2 1 2 2 2 2 2 2
test97 0 1 1 2 2 2 1 1 2 2 1 1 2 2 1 0 1 0 2 0 1 2 2 0 0 1 1 2 1 0 1 1 0 2 0 0 0 0 0 0 0 1 2 1 0 1 0 1 0 0 0 2 1 1 1 1 0 2 1 1 0 2 0 1
test98 1 0 1 1 2 2 2 2 2 2 2 2 2 2 0 2 2 2 2 0 2 1 0 2 2 2 2 1 1 2 2 1 1 2 0 1 0 1 1 2 2 1 2 2 2 2 1 1 1 1 1 2 2 2 2 2 0 1 2 2 2 1 1 2
test99 1 1 1 1 2 2 0 2 1 0 0 2 1 0 0 1 2 2 0 2 0 0 0 0 0 0 0 0 0 0 0 2 0 1 2 1 2 0 0 2 2 1 1 1 0 1 1 1 1 2 1 2 2 1 2 2 2 0 2 2 0 1 2 2
test100 0 2 1 2 2 1 1 2 2 1 1 1 1 1 0 0 1 0 0 1 2 0 0 0 1 0 0 2 2 2 0 0 0 0 1 2 1 0 0 2 1 0 2 2 2 2 2 2 2 1 0 2 0 2 1 2 2 2 2 2 0 2 2 2
test101 0 0 1 2 2 2 2 2 2 2 2 1 2 2 0 0 2 2 2 1 1 1 1 2 2 2 1 1 2 2 2 0 2 1 1 2 1 2 0 1 1 1 2 2 2 2 1 1 2 2 2 2 2 2 2 2 2 2 2 2 2 2 2 2
test102 1 2 1 1 1 2 1 2 2 2 2 1 2 2 0 0 2 1 1 0 1 1 0 2 2 2 1 0 2 1 1 0 1 2 1 1 1 1 0 2 2 0 1 1 0 1 0 0 0 1 0 0 2 1 1 2 0 0 2 0 0 0 0 2
test103 1 0 2 2 2 2 1 2 1 1 2 2 2 1 0 2 1 2 1 1 1 1 0 1 1 1 1 1 1 0 1 1 1 2 2 2 2 0 0 2 2 1 2 1 0 2 1 1 1 1 1 2 1 2 2 2 2 2 2 2 1 2 2 2
test104 0 7 1 1 1 0 2 2 2 2 2 1 1 2 1 0 1 1 0 1 2 1 1 1 1 2 0 2 2 1 1 0 2 0 2 2 2 2 2 1 0 1 1 2 2 2 1 1 1 1 0 2 2 1 1 2 2 1 0 0 0 2 2 1
test105 1 1 1 2 1 1 0 2 2 0 1 1 1 0 1 0 2 2 1 2 2 0 0 1 1 1 1 0 1 1 1 1 1 2 2 2 2 1 0 2 2 0 0 1 1 2 2 1 1 1 1 2 2 2 2 2 1 1 2 2 0 2 2 2
test106 0 0 1 2 2 1 2 2 2 2 2 2 1 2 2 0 2 2 2 2 2 2 1 1 1 2 0 2 2 2 0 0 2 0 2 2 2 0 0 2 0 1 1 2 2 2 0 1 1 1 2 1 2 1 1 2 0 2 2 1 0 2 1 1
test107 1 0 2 2 2 2 2 2 2 2 2 2 2 2 2 2 2 2 2 2 2 2 2 1 2 2 2 2 2 1 2 1 1 2 1 1 1 2 1 2 2 2 2 2 2 2 2 2 1 1 1 2 2 2 2 2 0 2 2 2 2 2 2 2
test108 1 0 1 1 0 0 1 2 1 2 2 1 0 1 2 1 2 0 0 0 2 1 0 0 2 2 2 2 2 0 1 1 0 0 1 1 2 0 0 2 2 1 1 2 1 2 0 1 1 2 2 2 2 1 1 2 0 1 2 2 0 2 0 2
test109 0 0 3 2 2 2 2 2 2 2 2 2 2 2 2 2 2 2 2 0 2 2 2 2 2 2 1 2 2 2 2 1 2 1 2 2 2 1 2 2 0 1 2 2 2 2 0 2 2 2 1 2 2 2 2 2 2 2 2 2 1 2 2 2
test110 1 7 1 2 2 2 1 2 2 2 2 2 2 0 0 2 2 2 2 2 2 2 1 2 2 2 0 2 2 2 1 1 2 1 2 2 2 2 1 2 2 0 1 2 2 2 2 2 2 2 0 2 2 2 2 2 2 2 2 2 1 2 2 2
test111 1 2 1 2 2 2 1 2 2 2 2 2 2 2 0 2 2 2 2 1 0 2 1 2 2 2 2 1 2 1 2 2 2 1 2 1 2 2 1 2 2 1 2 1 2 2 1 1 2 2 2 1 2 1 2 2 2 2 1 2 1 2 2 2
test112 0 1 1 2 2 2 0 1 1 1 1 1 1 1 0 0 0 0 2 0 1 2 2 0 1 1 1 1 2 1 2 1 2 1 2 1 1 1 0 1 1 2 2 2 2 2 1 2 0 1 0 2 1 1 1 1 0 2 2 2 1 2 1 2
test113 1 1 2 2 2 0 2 2 2 1 2 1 0 1 1 0 1 2 0 0 2 0 0 1 1 2 1 1 1 0 2 1 1 1 1 1 1 1 0 2 2 0 2 2 2 2 2 1 2 2 2 1 2 1 2 2 1 2 2 2 2 2 2 2
test114 1 2 1 1 1 1 2 1 2 2 2 0 1 1 1 0 2 1 0 0 2 0 0 2 1 1 0 0 1 2 1 0 1 0 1 1 1 1 0 1 1 1 2 2 2 2 0 1 2 2 1 2 2 1 1 2 2 1 2 2 1 2 2 2
test115 0 7 1 2 1 1 0 2 2 1 0 2 1 1 0 2 0 2 1 0 0 0 0 0 0 0 0 0 1 0 1 0 0 1 1 1 1 2 0 2 0 2 2 2 1 2 0 2 1 2 0 1 0 2 1 1 1 2 1 0 0 2 1 2
test116 1 0 0 1 1 0 2 2 2 2 2 1 1 2 0 2 1 2 0 2 0 1 1 1 2 1 0 2 1 2 1 1 1 2 1 0 1 1 1 2 1 1 2 1 1 1 0 1 1 1 1 2 2 1 2 2 0 2 2 2 1 2 2 1
test117 1 0 2 2 1 0 1 2 2 1 1 1 0 1 1 2 2 1 1 1 2 1 0 1 2 2 2 2 2 0 0 1 0 0 0 0 1 0 0 2 1 1 1 2 2 2 2 2 2 1 1 2 2 1 1 2 0 2 1 2 1 2 2 2
test118 1 1 2 1 2 2 2 2 2 2 2 2 2 1 2 2 1 2 0 0 2 2 0 0 1 2 2 1 2 1 0 2 1 2 0 0 2 0 0 2 2 0 2 2 1 2 0 1 2 1 0 2 2 1 1 1 0 0 0 1 0 2 1 1
test119 1 1 1 1 1 2 0 2 1 1 1 1 1 1 0 2 2 1 0 0 0 0 0 1 1 2 0 0 2 1 0 0 1 0 0 0 0 0 2 2 1 1 2 2 2 2 0 1 2 0 0 2 2 2 1 2 2 2 2 2 1 1 2 2
test120 1 2 1 0 1 2 2 2 2 2 2 2 0 1 0 0 1 2 0 0 0 1 1 2 2 1 2 0 2 0 2 2 1 1 1 2 2 2 1 2 2 2 2 2 1 2 0 1 2 2 1 2 2 1 1 2 2 1 2 2 1 0 2 2
test121 1 2 1 2 2 2 1 2 2 2 2 2 2 2 0 2 2 2 1 2 0 1 1 0 1 1 2 2 2 0 1 2 1 1 2 1 2 1 0 1 2 1 1 1 1 1 2 1 0 0 2 2 2 2 2 2 2 2 2 2 2 2 2 2
test122 1 2 2 0 0 2 2 2 2 2 1 2 0 0 2 1 1 2 0 0 2 0 0 0 0 0 0 0 2 0 0 1 2 2 2 0 0 0 0 2 2 1 2 2 1 2 0 0 0 2 0 1 2 2 2 2 2 1 1 1 1 2 2 1
test123 1 5 2 0 0 0 0 0 0 0 0 0 0 0 0 0 0 0 0 0 0 0 0 0 0 0 0 0 0 0 0 0 0 0 0 0 0 0 0 0 0 1 0 0 0 0 0 0 0 0 2 0 0 0 0 0 1 0 0 0 2 0 0 0
test124 0 1 2 2 1 1 2 2 1 1 0 2 1 1 0 2 2 0 1 2 1 2 0 0 0 2 0 1 2 2 0 0 2 1 0 0 0 0 0 0 0 0 2 2 2 0 0 0 0 0 0 2 1 1 1 0 0 1 0 1 0 2 1 1
test125 1 0 1 1 1 1 1 2 0 1 2 1 0 0 0 1 0 2 0 0 0 0 0 0 2 1 2 2 2 0 0 0 0 1 0 1 1 0 0 2 2 0 2 2 2 2 1 0 2 2 2 2 2 1 1 2 2 1 2 2 0 1 2 1
test126 0 1 2 2 2 1 0 2 2 2 1 1 1 1 0 1 1 1 2 1 1 1 1 0 0 1 1 0 1 0 1 1 1 1 1 0 1 1 0 2 1 1 2 2 2 2 1 1 1 2 2 2 1 2 2 1 0 2 1 1 0 2 0 1
test127 1 2 1 0 0 0 1 2 2 1 2 1 0 1 1 1 2 2 0 0 2 0 0 0 0 2 0 0 0 0 1 2 2 1 0 0 2 0 0 2 2 2 2 2 2 2 0 2 2 2 0 1 2 1 1 2 2 2 2 1 2 1 2 1
test128 0 2 2 2 2 2 0 2 2 2 1 2 0 2 0 0 1 1 0 1 2 2 1 0 0 0 0 2 0 1 1 2 1 1 2 2 1 1 1 2 1 1 2 2 2 2 1 2 2 2 0 2 2 2 2 2 2 1 2 2 1 2 2 2
test129 0 2 1 2 2 2 1 2 1 1 1 0 0 2 1 0 1 1 0 2 2 2 1 0 1 2 0 2 2 2 2 0 1 1 0 0 1 0 0 2 1 1 2 2 2 2 2 1 1 1 1 2 1 1 1 2 1 2 1 2 0 2 2 1
test130 1 2 3 0 2 2 2 2 0 2 2 2 2 1 0 2 0 2 2 0 0 0 1 2 2 1 1 0 2 2 1 2 2 1 1 0 1 1 1 2 1 1 2 1 2 1 0 1 2 1 1 1 2 1 2 2 0 2 2 2 2 2 2 2
test131 1 7 2 2 0 0 0 0 2 2 0 0 0 2 0 0 2 0 0 0 2 0 2 2 2 2 2 0 2 1 1 1 1 1 1 1 1 1 1 1 1 1 1 1 1 1 1 1 1 1 1 1 1 1 1 1 1 1 1 1 1 1 1 1
test132 0 2 1 1 1 1 1 1 1 2 2 0 1 2 0 0 2 0 1 1 2 1 1 2 2 2 2 1 2 1 2 0 2 0 0 2 1 2 1 0 0 0 2 2 1 2 1 1 1 1 0 1 1 1 1 2 2 0 2 1 1 1 2 2
test133 0 2 1 2 2 1 2 2 2 2 2 1 2 2 2 2 2 1 2 2 2 2 1 0 0 2 0 2 2 0 0 0 1 0 2 1 1 0 0 1 2 1 2 2 1 2 2 2 0 1 2 2 2 2 2 2 1 2 2 2 1 2 1 2
test134 1 1 2 2 0 1 1 2 2 1 1 2 0 0 0 1 1 2 0 2 1 0 0 1 2 1 2 1 1 0 0 2 0 2 1 0 1 0 1 1 1 2 2 2 2 2 0 1 2 1 2 2 2 1 2 2 0 1 2 2 1 2 0 2
test135 1 2 1 2 2 1 1 1 2 2 2 2 1 2 2 1 1 2 2 1 2 2 2 2 2 2 2 2 2 1 1 1 2 1 1 2 2 1 1 2 2 2 2 2 2 1 1 1 1 2 0 1 2 1 1 1 2 2 1 1 1 2 2 2
test136 1 1 2 2 2 2 1 2 2 2 2 0 2 1 0 1 2 2 2 0 2 1 1 2 2 2 1 1 2 2 0 0 2 0 0 1 0 2 2 2 2 1 2 2 2 2 0 2 2 1 1 2 2 2 2 2 1 2 2 2 0 2 2 2
test137 1 4 1 0 2 2 0 2 0 2 2 2 2 2 1 0 0 2 2 0 2 2 0 2 2 2 0 0 2 2 0 0 2 0 2 2 2 0 0 2 2 1 2 2 2 2 2 2 2 2 2 0 2 1 1 2 2 1 2 2 2 0 2 2
test138 1 1 0 2 1 2 1 2 2 2 2 2 1 1 0 1 0 1 0 0 0 0 0 1 2 1 1 1 2 2 2 1 0 0 1 1 2 1 0 2 2 2 0 1 0 1 0 0 0 0 2 1 1 1 2 2 2 2 2 2 1 0 2 2
test139 0 1 4 2 2 2 2 2 2 2 2 2 2 2 1 2 2 1 1 2 2 2 2 2 2 2 1 2 2 1 2 1 2 2 1 1 1 1 1 2 2 2 2 2 2 2 1 1 2 1 1 1 1 2 1 2 0 2 2 2 1 2 2 2
test140 1 0 2 1 0 0 1 2 0 1 2 2 0 1 0 1 1 2 1 2 0 0 0 0 1 1 1 1 1 0 0 1 0 0 0 0 0 0 0 2 1 1 2 2 1 2 1 1 1 1 0 2 2 1 1 2 0 1 2 1 1 1 2 1
test141 1 1 3 0 0 0 1 2 2 2 2 2 0 1 0 2 1 2 0 0 0 1 0 1 1 1 2 1 2 0 1 1 1 1 0 0 1 1 0 2 2 1 2 2 1 1 0 1 2 1 0 1 2 2 2 2 0 1 1 1 0 2 2 0
test142 1 2 1 1 1 1 1 2 2 2 2 2 0 2 2 2 2 2 0 0 1 2 0 2 2 2 2 2 2 0 0 0 0 0 0 0 0 0 0 0 0 0 0 2 2 2 2 2 2 1 1 2 2 2 2 2 1 2 2 2 0 2 2 2
test143 1 1 4 1 0 1 2 2 2 2 1 2 2 2 0 1 0 1 1 2 0 0 2 2 1 1 1 0 0 0 1 1 1 1 0 0 0 0 0 2 2 1 2 2 1 2 0 1 1 1 0 0 2 1 2 1 0 0 0 0 0 2 2 1
test144 0 1 2 2 2 2 1 1 2 2 1 1 1 1 1 1 2 1 2 1 2 2 2 2 1 2 0 1 2 2 1 0 2 1 1 1 1 0 1 2 1 1 2 2 2 2 2 1 1 1 0 2 1 2 1 2 0 1 1 1 1 2 1 1
test145 1 2 2 2 1 2 1 2 2 2 2 1 2 1 2 2 2 2 2 0 2 1 1 1 2 1 2 0 2 1 1 2 1 1 2 1 2 2 1 2 2 2 2 2 1 2 0 2 1 1 2 2 2 1 1 2 0 2 2 2 0 2 1 1
test146 0 1 3 2 2 1 2 2 2 2 1 2 1 2 0 2 2 1 1 2 2 2 2 0 2 2 1 2 2 0 2 1 2 0 0 0 0 1 1 2 2 2 2 2 2 2 2 2 2 2 1 2 2 2 2 2 2 2 2 2 2 2 2 2
test147 1 1 2 0 0 1 2 2 2 2 2 2 0 1 0 2 1 2 0 0 0 1 0 1 1 1 2 2 2 1 0 2 1 1 2 2 1 0 1 2 1 1 2 2 2 2 1 1 2 2 2 2 2 2 1 2 2 2 2 2 0 2 2 2
test148 1 6 3 2 1 1 1 2 1 2 2 2 0 2 0 2 1 2 0 0 0 0 0 2 2 2 2 1 2 0 2 1 1 1 1 1 1 0 1 2 2 2 2 2 0 2 0 1 2 2 2 1 2 1 2 2 2 2 2 2 1 2 2 2
test149 1 1 2 2 1 2 1 2 2 2 2 2 1 2 0 2 0 2 0 0 0 0 0 2 2 2 2 2 2 1 1 2 2 2 1 0 2 1 0 2 1 1 1 2 0 1 0 1 0 0 2 2 2 1 2 2 0 0 0 0 0 2 2 2
test150 0 1 4 0 2 1 1 2 1 2 2 2 0 1 0 1 2 1 0 1 0 0 1 1 1 2 1 1 2 0 2 1 2 2 0 0 1 2 1 1 2 1 2 2 2 1 0 1 1 1 0 1 1 2 1 1 0 2 0 1 0 2 1 2
test151 0 7 1 2 2 2 2 2 2 2 2 2 2 2 0 1 2 2 2 2 2 2 2 1 1 2 1 2 2 1 1 1 2 1 0 1 1 2 0 1 2 1 2 2 2 2 2 2 1 1 0 2 2 2 2 2 2 2 2 2 1 2 2 0
test152 1 1 3 2 2 2 2 2 2 2 2 2 2 2 0 0 1 2 2 0 2 0 2 2 2 2 2 0 2 2 0 2 1 1 0 2 2 2 2 2 2 2 2 2 2 2 0 2 2 2 2 2 2 2 2 2 2 2 2 2 2 2 2 2
test153 0 1 1 2 2 0 1 2 2 2 2 1 1 2 1 0 1 1 2 2 2 2 0 1 1 1 1 1 1 1 1 1 1 1 1 1 1 1 1 1 1 1 2 2 1 2 2 1 1 1 1 2 2 1 2 2 2 2 1 2 0 2 2 1
test154 0 1 2 2 2 1 2 1 2 2 1 0 1 2 0 0 1 0 2 0 2 2 1 0 1 2 0 2 2 2 0 0 0 1 1 1 1 0 0 0 0 0 1 2 2 2 0 1 1 1 0 2 2 1 2 2 2 2 0 2 1 2 2 2
test155 0 2 1 2 2 2 1 2 2 1 2 2 2 1 0 1 2 1 2 2 2 2 2 1 1 1 1 1 1 2 2 1 2 1 2 2 2 1 1 1 1 2 2 2 2 2 2 2 2 2 2 2 2 2 2 2 0 2 2 2 1 2 2 1
test156 0 0 2 2 2 2 1 2 2 2 1 1 2 2 1 0 2 0 2 1 2 1 1 0 1 0 0 2 2 1 1 0 1 1 1 1 2 1 0 2 1 1 2 2 2 2 0 1 1 1 2 2 2 2 2 2 1 2 2 2 0 2 2 2
test157 1 2 3 2 2 2 1 2 2 1 1 2 2 2 0 2 2 2 2 1 1 1 1 2 2 2 2 1 2 1 1 2 1 1 1 1 1 0 1 2 1 1 1 2 2 2 2 2 2 1 0 2 2 2 2 2 1 2 2 2 2 2 2 2
test158 0 2 1 2 2 2 2 2 2 2 2 1 2 2 0 2 2 1 2 2 2 2 1 0 2 2 0 2 2 1 1 1 2 2 2 2 2 1 1 2 1 1 2 2 2 2 2 2 2 1 0 1 1 2 1 2 2 1 2 2 0 2 2 2
test159 0 0 1 2 2 1 1 1 2 2 2 0 1 2 0 0 2 1 2 1 2 2 1 0 1 2 1 1 2 1 0 0 2 0 2 2 2 2 0 2 2 0 2 2 2 2 2 1 1 2 0 2 2 1 2 2 0 2 2 2 1 2 1 2
test160 1 2 3 2 0 2 0 2 1 1 1 2 1 2 1 1 2 2 0 2 0 0 1 2 2 2 2 1 1 0 1 2 1 2 2 1 1 0 0 2 1 0 2 2 2 2 1 1 2 1 1 2 2 2 2 2 0 1 0 2 0 2 1 2
test170 1 4 2 2 2 0 2 2 2 1 2 2 2 1 1 2 2 2 1 2 2 1 1 0 0 0 1 0 1 1 0 1 0 2 0 0 1 0 0 2 2 1 2 2 2 2 2 1 2 2 2 2 2 2 1 2 1 2 2 2 0 2 2 1
test171 0 1 4 2 2 1 2 2 2 2 2 2 2 2 1 2 2 2 1 0 2 2 1 2 2 2 2 2 2 1 2 1 2 1 1 1 1 2 1 2 2 2 2 2 2 2 1 1 2 2 1 0 1 2 2 2 2 2 2 2 1 2 2 2
test172 1 0 0 1 2 2 1 2 2 2 2 1 2 0 0 1 1 2 0 2 0 1 0 1 1 1 1 1 1 1 1 0 2 2 2 1 2 1 1 2 2 0 0 0 0 1 1 1 1 1 1 2 2 1 1 2 0 2 2 2 1 2 2 0
test173 1 2 1 2 0 1 0 2 2 1 2 2 2 0 1 1 1 2 2 0 1 0 1 1 0 1 1 1 1 1 1 1 1 1 1 1 1 1 0 2 2 2 2 2 1 2 2 2 2 2 2 2 2 1 2 2 2 2 2 2 1 2 2 2
test174 0 1 2 2 2 2 2 2 2 2 2 1 1 2 1 1 2 1 2 2 2 2 1 1 2 2 1 2 2 0 1 1 2 0 2 2 2 1 0 2 2 1 2 2 2 2 2 2 1 2 2 2 2 1 2 2 2 2 2 2 0 2 2 2
test175 1 1 2 2 1 2 1 2 1 2 2 2 1 1 0 2 1 2 0 2 1 1 0 2 2 2 2 1 1 0 1 1 1 1 1 1 1 1 1 2 2 1 2 0 0 1 1 1 0 0 0 2 2 2 2 2 2 2 2 2 2 2 2 2
test176 0 0 0 2 2 1 1 2 2 2 1 0 2 2 1 0 1 1 2 1 1 2 1 1 0 2 0 2 2 1 1 0 2 0 2 2 2 1 1 2 1 1 2 1 1 1 1 1 1 1 1 2 2 1 1 1 2 2 1 1 0 2 1 1
test177 0 2 1 2 2 2 1 2 2 2 2 2 2 2 1 0 2 2 2 2 2 2 2 0 0 1 0 0 1 1 2 1 1 2 0 1 2 1 0 2 1 1 1 0 0 0 1 0 0 0 0 2 2 2 2 2 0 2 2 2 0 2 2 2
test178 1 2 1 1 2 2 2 2 2 2 2 1 2 2 0 1 1 2 0 2 1 1 0 0 2 2 1 2 2 0 0 2 1 0 0 0 2 0 0 2 2 1 1 1 1 1 1 1 1 1 1 2 2 1 1 2 2 0 0 0 0 2 0 2
test179 1 2 0 1 1 1 1 2 2 1 2 2 1 2 1 2 2 2 1 1 2 1 1 1 2 2 2 2 1 2 1 2 2 2 1 1 1 1 1 2 1 1 2 2 2 2 0 0 1 1 2 2 2 1 1 2 1 1 2 2 1 2 2 2
test180 1 0 0 2 2 1 1 2 2 1 2 2 2 1 2 2 2 2 2 1 2 2 1 2 2 2 2 2 2 2 2 1 2 1 1 1 1 2 2 2 2 1 2 2 1 2 1 2 1 1 2 2 2 2 2 2 2 2 2 2 2 2 2 2
test181 1 1 3 2 1 1 1 2 2 2 1 1 2 1 0 2 1 2 0 0 2 0 0 1 1 2 0 0 2 1 2 0 2 2 1 0 0 1 1 1 1 1 2 2 2 2 1 1 2 1 0 1 1 1 1 2 1 1 2 2 1 2 2 1
test182 1 1 2 2 1 2 2 2 2 1 2 1 0 0 0 2 2 2 0 2 2 0 1 1 2 1 2 2 0 0 1 2 0 2 1 0 2 0 2 2 2 2 2 2 2 2 1 1 2 2 0 2 2 1 1 2 2 2 0 2 0 2 2 2
test183 1 7 1 0 0 0 2 2 2 2 2 2 0 2 0 2 0 2 0 2 0 0 0 0 0 1 0 1 1 0 0 2 2 1 1 1 2 0 0 2 2 0 2 2 1 2 2 1 1 2 2 2 2 1 1 2 0 2 2 2 0 2 2 2
test184 0 2 2 2 2 2 2 2 2 2 1 2 2 2 2 1 2 1 2 0 2 2 2 1 1 2 2 2 2 1 1 1 2 1 1 2 1 1 1 2 2 1 2 2 2 2 1 2 2 2 1 2 2 1 2 2 0 2 2 2 2 1 2 2
test185 1 2 1 2 2 1 0 2 2 1 2 1 0 1 2 0 2 2 0 2 2 2 0 0 2 2 1 2 1 0 0 1 0 0 1 0 2 0 0 2 2 0 2 2 2 2 2 1 0 2 0 2 2 2 1 2 0 1 2 2 0 2 2 2
test186 1 2 2 2 1 1 1 2 2 2 2 2 2 1 1 2 1 2 2 1 2 2 1 1 1 2 1 2 2 2 2 2 1 2 2 2 2 1 0 2 2 1 2 2 0 2 1 1 1 0 2 2 2 1 2 2 2 1 2 2 1 2 2 2
test187 0 2 2 2 0 0 0 2 2 2 2 2 0 2 0 2 0 2 0 0 2 2 0 1 2 2 1 2 2 1 2 1 0 2 0 0 0 0 0 2 2 2 2 2 1 2 1 2 1 0 1 2 2 1 2 2 1 2 1 2 0 2 1 2
test188 1 2 1 2 2 2 2 2 2 2 1 1 2 2 2 2 2 1 2 0 1 1 1 1 2 2 1 2 2 2 1 1 2 0 1 1 1 0 1 1 0 0 2 0 0 0 0 0 0 0 0 2 2 2 2 2 1 2 2 2 1 2 1 2
test189 1 0 1 2 2 1 1 2 2 1 2 2 2 2 2 2 2 2 2 2 2 2 2 1 2 2 0 1 2 1 1 0 2 2 0 0 2 0 0 2 2 2 2 2 1 1 2 1 0 1 0 2 2 2 2 2 2 2 2 2 0 0 2 2
test190 0 0 0 2 1 0 2 2 2 2 1 1 1 2 1 0 0 0 0 0 0 2 2 0 0 1 0 2 1 1 0 1 0 1 1 1 2 0 0 2 2 2 0 0 0 0 0 0 0 0 2 2 0 2 0 0 0 2 0 0 0 2 0 0
test191 0 0 3 2 2 0 1 2 2 2 2 1 1 2 2 1 1 2 0 0 2 1 2 2 2 1 1 0 2 2 0 0 2 1 2 2 2 0 1 2 2 2 2 2 1 2 1 2 2 2 2 2 2 2 2 2 2 2 2 2 1 2 2 2
test192 0 1 1 2 2 1 1 2 1 1 1 1 2 1 1 0 1 0 2 1 1 2 1 1 1 1 1 2 1 0 1 0 0 0 1 2 1 0 0 2 1 1 2 2 2 2 1 0 1 1 1 1 1 1 1 1 1 1 1 1 1 2 1 1
test193 1 0 3 2 2 2 2 2 2 2 2 2 1 2 0 1 1 2 1 1 1 1 1 1 2 2 2 1 2 0 1 2 1 2 2 2 2 1 2 2 2 2 2 2 2 2 1 1 1 1 2 1 2 1 2 2 1 1 2 2 1 2 2 2
test194 1 7 1 2 2 1 1 2 2 1 1 1 2 1 0 2 2 2 1 1 1 1 1 0 1 2 1 2 2 1 1 1 1 1 1 0 1 1 0 2 2 1 2 1 1 1 1 1 1 1 1 2 2 2 2 2 0 2 2 1 1 1 2 2
test195 0 2 1 2 2 2 2 2 2 2 2 2 2 2 2 2 2 2 2 2 2 2 2 2 1 2 1 2 2 1 2 1 1 1 2 2 2 2 1 2 2 2 2 2 2 2 2 2 1 0 0 2 2 2 2 2 0 2 2 2 0 2 2 2
test196 0 1 2 2 2 1 1 2 2 2 1 1 2 2 2 1 2 1 2 1 2 2 2 2 2 2 1 2 2 1 2 1 2 2 2 2 1 1 1 2 2 2 2 2 2 2 2 2 2 2 2 2 2 1 2 2 2 2 2 2 0 2 1 2
test197 0 0 1 2 2 2 1 2 1 1 1 1 1 2 1 0 1 1 2 1 1 2 1 1 1 2 1 2 2 1 1 0 1 2 0 0 0 1 1 2 1 1 2 2 2 2 2 2 1 1 1 2 1 1 1 2 0 2 1 1 0 2 1 1
test198 0 0 1 2 2 1 1 2 1 2 0 1 2 2 2 0 1 1 2 0 2 2 1 0 1 1 1 2 2 1 2 0 1 0 2 2 2 0 1 2 1 1 2 2 2 2 2 1 1 1 1 2 1 1 1 2 0 2 2 2 0 2 1 2
test199 0 1 1 2 2 1 0 2 2 2 2 1 0 1 0 0 1 1 0 1 2 2 0 0 1 2 0 2 2 1 1 0 1 0 0 0 2 1 2 1 2 2 2 2 1 2 2 1 0 0 0 2 1 0 2 2 0 2 0 1 0 2 0 0
test200 1 1 3 1 2 2 1 2 2 2 2 1 0 0 0 1 2 2 1 0 0 0 1 2 2 1 1 1 1 2 2 1 1 1 1 0 1 0 1 2 2 1 2 2 2 2 2 2 2 2 1 2 1 1 2 2 0 2 2 2 0 2 2 2
test201 1 6 4 0 1 2 2 1 2 2 2 2 0 2 0 2 1 1 0 1 2 0 0 2 1 2 2 1 2 2 2 2 2 1 1 1 1 0 2 2 2 1 2 1 1 1 1 1 1 1 1 1 2 1 2 2 0 0 2 2 2 2 1 2
test202 0 0 0 2 2 2 1 2 2 2 2 0 2 2 1 0 2 2 2 0 2 2 0 2 1 2 0 2 2 2 2 2 2 2 2 2 2 2 0 2 2 2 2 2 2 2 2 2 1 2 2 2 2 2 2 2 2 2 2 2 2 2 2 2
test203 1 1 2 1 1 1 2 2 0 1 2 2 2 1 0 2 1 2 0 0 0 0 0 2 2 2 2 0 2 0 0 1 2 1 1 1 1 1 1 2 0 0 2 1 2 2 2 1 2 2 2 0 2 1 1 2 2 1 1 1 1 1 2 2
test204 0 2 1 2 2 2 2 2 1 2 1 1 2 2 0 0 2 1 2 2 1 1 2 1 2 2 1 1 2 1 1 1 1 0 1 1 1 1 1 2 1 1 2 2 2 2 2 2 2 2 1 1 1 1 1 1 2 2 1 1 1 2 1 2
test205 1 2 1 2 0 1 1 2 2 1 2 2 2 0 1 0 1 2 0 1 2 0 0 1 1 1 1 1 1 2 1 1 1 1 1 1 2 1 1 2 2 1 2 1 1 1 1 1 2 1 2 1 0 1 1 2 0 1 1 2 1 2 2 1
test206 1 2 1 2 2 1 1 2 2 2 2 1 1 2 0 1 1 2 0 1 1 2 0 1 1 2 1 1 2 0 1 0 1 0 0 0 0 0 0 2 1 1 1 2 1 2 1 2 2 2 2 2 2 2 1 2 2 2 1 2 0 1 2 1
test207 1 1 1 2 1 2 1 2 2 1 2 2 0 2 0 2 1 2 0 2 1 2 0 1 2 2 2 1 1 1 2 2 2 1 2 1 2 2 1 2 2 2 2 2 2 2 1 2 2 1 2 2 2 2 2 2 1 1 2 2 1 2 2 2
test208 1 7 1 2 2 0 2 2 1 2 1 0 0 2 0 1 1 2 0 2 1 1 0 0 1 2 1 1 1 0 2 1 1 0 2 0 0 0 0 2 1 1 2 1 0 2 1 1 1 0 2 2 2 2 2 2 0 1 1 2 0 1 2 2
test209 1 0 1 2 2 2 2 2 2 2 1 2 2 2 0 2 2 0 1 1 0 1 1 0 1 2 2 1 2 1 1 2 2 1 0 0 0 1 1 1 1 1 1 1 1 0 1 1 2 0 0 1 2 1 2 2 2 2 2 2 1 2 1 2
test210 1 2 2 1 0 1 2 1 2 2 2 2 0 2 0 1 2 1 0 0 1 0 0 2 2 1 2 0 2 1 2 2 1 1 0 0 0 2 0 1 1 2 2 2 2 2 0 1 2 0 0 0 2 1 2 2 2 0 1 2 2 0 2 2
test211 0 0 1 2 2 2 0 2 1 2 1 1 1 2 1 0 2 1 1 1 2 2 1 0 2 2 0 2 2 1 1 0 2 2 1 0 0 1 0 1 1 0 2 2 2 2 2 2 2 2 2 2 2 2 2 2 0 1 1 1 1 2 1 1
test212 1 2 4 0 0 1 2 2 2 2 2 2 0 1 0 1 2 2 0 2 0 0 0 1 2 1 1 1 2 0 2 1 1 1 1 1 1 1 1 2 2 2 2 2 2 2 2 2 2 2 1 2 2 2 2 2 2 2 2 2 1 2 2 2
test213 0 0 1 2 2 2 1 2 2 2 2 2 2 2 2 2 2 1 2 0 1 1 0 1 1 2 0 2 2 2 1 0 2 0 2 2 1 0 0 1 1 1 2 2 0 1 0 1 2 2 0 2 2 2 2 2 2 1 2 1 0 0 0 2
test214 0 2 1 2 1 1 1 2 2 2 1 1 0 1 2 0 1 1 1 2 2 2 1 0 0 0 0 2 2 0 0 0 0 1 1 1 1 0 0 2 0 1 2 2 2 2 2 2 0 0 0 2 1 1 1 2 0 2 1 2 0 2 2 1
test215 0 1 1 2 2 2 2 2 2 2 2 2 2 2 0 2 1 2 2 2 0 1 2 2 2 2 1 1 2 2 2 2 2 0 0 0 0 2 1 2 2 2 2 2 2 1 2 1 0 1 0 2 2 2 2 2 0 1 2 1 1 2 2 0
test216 1 0 1 2 1 2 1 2 2 2 2 2 2 2 0 2 2 2 1 0 0 1 1 1 1 1 1 1 1 0 1 2 2 2 1 0 1 1 1 2 1 1 1 1 0 0 0 0 0 0 0 1 1 1 1 1 0 1 0 1 0 1 1 1
test217 0 7 0 2 2 1 1 2 2 2 2 2 2 2 2 2 2 2 2 2 1 2 0 2 2 2 2 2 2 2 2 2 2 2 2 2 2 2 2 2 2 2 2 2 2 2 2 2 2 2 2 0 1 0 1 2 2 1 2 2 0 2 2 2
test218 0 1 4 2 2 1 2 2 2 2 2 2 0 2 0 1 1 1 0 2 2 1 1 2 2 2 2 2 2 0 1 1 1 2 2 1 2 2 1 2 2 1 2 2 2 2 2 2 2 1 0 1 2 2 2 2 1 2 2 1 1 2 2 2
test219 1 2 1 2 2 2 1 2 1 1 1 2 2 1 0 1 1 1 1 0 1 0 0 1 2 2 2 0 2 2 0 1 2 0 0 0 1 0 0 2 1 1 2 2 2 2 1 1 1 1 1 1 2 1 1 2 0 1 2 1 0 2 1 2
test220 0 2 1 2 2 1 1 2 2 2 2 1 0 2 1 1 2 1 1 2 2 2 1 1 1 2 1 1 2 2 1 0 1 2 2 1 2 2 1 1 2 2 2 2 2 2 1 2 2 2 1 2 2 2 2 2 2 2 2 2 2 2 2 2
test221 0 0 1 2 2 2 1 2 2 2 1 1 1 2 1 0 2 1 1 1 2 2 1 1 2 1 1 2 2 1 2 1 1 1 1 1 1 1 1 1 1 1 2 2 2 2 2 2 2 2 1 2 2 1 2 2 2 2 2 2 1 2 1 2
test222 0 1 2 2 1 1 1 2 1 1 2 2 1 1 0 0 1 2 0 2 2 0 1 0 0 1 1 1 1 0 1 1 0 0 1 1 1 0 0 2 2 1 2 2 2 2 2 2 2 2 1 2 2 1 2 2 2 2 2 2 2 2 2 2
test223 0 1 3 2 2 1 0 1 2 0 1 1 1 0 0 0 2 1 2 0 1 0 0 0 0 1 1 0 0 2 0 0 1 0 2 2 1 1 0 2 1 1 2 1 1 1 2 2 1 1 1 1 1 0 1 1 1 2 2 2 0 2 1 2
test224 0 2 3 2 1 1 1 2 2 1 1 1 1 1 1 1 2 1 2 0 2 1 0 1 1 2 1 1 2 1 2 1 1 1 2 2 2 2 0 1 2 1 1 2 0 2 0 2 1 2 2 2 2 1 1 2 0 2 0 0 0 0 0 1
test225 0 3 4 2 1 0 1 1 2 1 2 1 1 2 0 0 1 0 1 1 2 1 2 1 2 2 0 1 2 1 2 0 1 1 0 1 1 1 0 2 1 1 2 2 1 1 1 1 1 1 1 1 2 1 1 2 0 0 0 1 0 2 0 2