30 2 2 2 1 2 2 1 1 2 1 1 0 0 1 1 2 2 1 2 1 0 1 2 1 2 2 1 0 1 0 2 2 2 1 0 0 1 2 0 2 2 2 2 2 1 1 1 2 2 1 1 2 2 0 2 1 1 0 2 1 2
23 2 2 2 0 2 2 0 2 1 2 2 2 1 2 2 2 0 2 0 1 2 1 2 0 2 2 2 0 0 0 0 2 2 1 0 0 2 1 1 2 2 2 2 0 2 2 2 2 2 1 0 2 1 0 2 2 2 0 2 2 2
24 2 2 2 0 0 0 0 0 0 2 0 2 0 2 0 2 0 2 2 0 0 2 2 0 2 2 2 0 2 2 0 2 0 0 0 0 2 0 0 2 2 2 2 2 2 2 2 2 2 2 0 2 2 2 2 0 0 0 2 1 1
24 0 1 2 1 2 2 1 2 2 2 0 0 2 0 2 1 0 0 0 0 1 2 1 1 1 1 0 1 1 2 0 0 0 0 1 1 2 2 1 1 0 0 0 0 0 0 0 0 1 2 2 1 2 0 1 2 1 0 1 1 0
24 2 2 2 0 2 2 2 1 2 2 2 0 2 2 2 2 2 2 2 1 1 1 1 1 0 2 2 0 1 1 0 1 1 2 0 0 2 1 0 2 1 1 1 1 1 1 1 0 1 2 1 1 2 0 1 1 1 0 1 1 0
24 2 2 2 0 2 1 1 0 1 1 1 0 0 1 1 2 2 2 2 2 0 2 2 1 2 2 0 1 1 0 2 2 2 1 0 0 1 1 1 2 2 2 2 2 2 2 2 2 2 1 1 2 2 0 2 1 1 1 2 2 2
23 2 2 2 1 2 2 1 2 1 2 2 0 1 1 2 1 1 2 1 1 2 1 2 1 1 2 2 1 1 1 1 1 1 2 2 1 2 2 1 2 2 2 2 2 2 2 2 2 2 2 2 2 2 2 2 2 2 2 2 2 2
23 2 2 2 1 2 2 2 2 1 2 1 1 1 1 1 2 1 2 2 2 2 1 2 1 1 2 1 1 1 1 1 2 2 2 1 1 1 1 1 2 2 2 2 1 1 2 2 1 2 2 2 1 2 2 1 2 2 1 2 1 2
54 2 1 2 2 2 2 1 2 1 2 1 1 2 1 2 2 2 2 0 2 2 1 2 1 1 2 2 1 2 1 2 2 2 1 1 1 2 2 2 2 2 1 2 1 1 2 1 2 2 2 1 1 1 0 2 0 2 1 2 1 0
25 2 2 1 1 2 1 1 2 2 1 1 0 0 2 2 1 0 2 1 0 0 1 0 2 0 2 0 2 0 1 1 1 0 0 2 0 2 0 1 2 2 2 2 0 1 2 2 0 2 2 1 1 2 2 0 2 2 2 2 2 2
30 1 2 1 1 2 2 1 2 1 2 2 2 1 2 2 2 1 2 1 1 2 2 2 1 1 2 1 1 1 2 2 2 2 1 1 1 2 2 1 1 2 2 2 1 0 2 2 2 2 2 1 2 2 0 2 2 2 0 2 2 2
22 1 2 1 1 2 1 0 2 1 1 0 0 2 1 2 1 0 0 0 0 2 2 0 1 0 1 2 0 1 2 0 1 1 0 0 2 2 1 0 2 1 2 2 1 0 0 1 2 2 2 1 1 1 2 0 0 0 1 2 1 2
23 2 2 1 0 2 2 1 1 0 0 1 1 0 1 0 1 1 2 1 0 0 1 1 0 1 2 2 0 0 0 1 0 2 1 1 0 2 1 1 2 1 2 2 2 2 1 1 0 2 2 1 1 2 2 2 2 2 0 2 1 2
22 2 2 1 0 2 2 1 2 1 2 1 1 1 2 1 2 1 1 2 1 1 1 2 0 2 2 2 0 0 1 2 0 1 2 1 0 2 1 0 2 2 1 2 2 2 0 1 1 2 2 1 1 2 1 2 2 2 0 2 1 0
25 2 1 0 1 2 1 1 1 1 1 1 1 1 1 1 1 2 1 2 2 1 1 1 0 1 1 1 1 0 1 1 2 2 2 1 0 1 1 1 1 2 2 2 2 2 1 2 2 2 1 1 1 1 2 2 2 2 0 2 2 2
21 2 2 2 1 2 1 2 2 2 2 2 0 1 1 1 1 1 0 2 0 1 2 2 1 2 2 1 1 1 1 0 2 2 2 0 0 2 1 0 2 2 1 2 1 1 2 2 2 2 2 1 1 2 2 1 2 2 0 2 2 2
25 2 2 2 2 2 2 2 2 1 1 1 1 0 2 1 1 2 2 1 2 0 1 0 0 0 2 1 1 0 2 1 2 2 2 1 1 2 1 1 2 2 2 2 2 2 2 2 2 2 2 1 1 2 1 2 2 2 0 2 2 2
23 2 2 2 1 2 1 1 2 2 2 1 1 2 2 2 2 0 1 1 1 2 1 2 1 0 2 2 1 1 2 1 1 1 1 2 1 2 1 1 2 2 1 2 1 2 1 2 1 2 2 1 2 2 0 2 2 2 1 2 1 2
30 2 2 1 2 1 2 2 2 2 2 2 1 2 1 2 2 0 1 1 0 1 2 2 1 0 2 0 0 1 1 1 1 1 1 0 0 2 2 0 1 2 1 1 0 0 1 1 1 2 2 2 2 2 1 2 1 2 0 2 2 2
22 2 2 2 1 2 2 2 2 2 2 2 1 2 2 2 2 2 2 1 1 1 1 2 1 1 2 1 1 2 2 1 2 2 2 2 1 2 2 1 2 2 2 2 1 1 2 2 2 2 2 2 1 2 2 2 2 2 1 2 1 1
23 2 2 2 1 2 2 2 1 0 2 2 0 0 1 0 2 0 1 1 1 1 1 2 0 2 2 2 1 0 0 0 1 2 2 1 0 1 1 1 2 2 2 2 1 2 1 1 0 2 2 2 2 2 2 2 2 2 0 2 2 2
23 0 1 0 1 1 0 1 1 1 0 0 0 1 0 2 0 2 0 0 0 1 1 1 1 1 1 0 0 1 0 0 0 0 2 0 0 2 2 0 0 0 0 0 0 0 0 0 0 2 2 2 2 2 1 2 0 1 1 1 0 0
24 2 2 1 1 2 2 1 0 0 1 1 1 2 2 0 2 2 1 2 2 1 2 2 0 0 2 1 1 1 2 2 2 2 2 1 0 1 1 1 1 2 1 1 2 1 0 0 2 2 1 1 1 1 2 2 1 1 0 2 2 1
25 0 0 0 0 2 2 2 2 2 0 0 0 2 0 2 0 0 0 0 0 1 1 2 1 1 2 1 1 0 1 2 2 0 2 0 1 2 2 0 1 1 0 2 0 1 2 2 2 1 2 2 2 1 0 1 0 1 0 2 2 1
25 1 2 1 0 1 1 1 1 1 2 1 1 0 2 0 2 0 1 1 1 1 1 1 0 2 2 2 2 0 2 0 0 2 0 0 1 0 0 0 2 2 2 2 0 2 0 1 0 2 0 0 1 2 0 2 2 2 0 2 0 0
25 2 2 1 1 2 1 2 2 1 2 2 2 0 2 1 2 1 2 2 2 2 1 2 1 2 2 0 0 0 2 2 1 1 1 0 0 1 1 1 2 2 2 2 2 2 2 2 2 2 2 2 2 2 1 2 2 2 1 2 2 1
30 2 2 2 2 2 2 2 1 1 0 2 0 1 1 1 2 2 2 2 2 1 1 2 2 2 2 0 1 1 0 2 1 1 2 1 0 2 2 1 2 2 2 2 2 2 2 1 0 2 1 2 2 2 2 2 2 2 1 2 1 2
23 2 2 1 1 2 2 2 1 1 1 2 2 0 2 1 0 0 2 2 1 1 1 2 0 2 2 1 1 0 1 0 2 2 2 2 0 2 2 2 2 2 2 2 0 1 1 1 1 1 2 1 1 2 2 1 1 1 0 2 2 1
32 2 2 1 2 2 0 2 2 1 0 2 0 2 0 2 0 0 0 0 0 1 1 2 2 0 2 0 0 1 2 2 0 0 0 0 1 2 2 0 1 1 0 2 0 2 2 2 2 2 2 2 2 2 0 2 0 0 0 2 2 1
30 2 2 2 2 2 2 2 2 2 0 2 0 2 1 2 1 0 1 0 1 1 1 2 2 1 1 1 1 1 2 1 1 0 0 1 2 2 1 1 2 2 2 0 1 1 0 0 0 2 1 2 2 2 0 2 1 1 0 2 0 1
32 1 1 2 2 2 2 2 1 1 1 1 0 0 1 2 0 0 1 0 0 1 2 1 2 1 2 0 0 1 2 0 1 1 1 1 0 2 2 2 2 2 2 2 1 2 2 1 1 2 2 2 2 2 2 2 2 2 1 2 2 2
35 2 1 1 2 2 1 1 2 0 0 0 1 0 2 0 2 2 1 0 1 1 1 2 0 1 0 0 2 1 1 1 0 2 1 1 2 2 2 1 0 0 2 1 1 1 2 2 2 2 1 1 2 2 1 1 2 0 2 2 2 2